entries:
  - time: 2.50254
    posX: -1.670999
    posY: 0
    score: 1
