entries:
  - time: 2.128998
    posX: -0.4602787
    posY: 0
    score: 1
  - time: 3.348058
    posX: -2.172949
    posY: 0
    score: 2
  - time: 4.359684
    posX: 1.826363
    posY: 0
    score: 3
  - time: 5.412776
    posX: 1.892329
    posY: 0
    score: 4
